# [INFO] 執行開始時間: 2026-09-11 13:46:50
# ALL_RESULT_REPEAT_COUNT_SORT
('世界:5347.TWO', 1, 156.5, 163.0, 155.5, 161.5, '24', 5.5714, (0, 0)),5,
('中光電投控:3718.TWO', 1, 67.4, 67.4, 65.1, 65.6, '26', 4.52, (0, 0)),5,
('中美晶:5483.TWO', 1, 181.0, 181.0, 177.5, 179.0, '24', 7.3214, (0, 0)),5,
('亞電:4939.TWO', 1, 87.5, 92.4, 81.9, 82.4, '28', 7.0429, (0, 0)),5,
('京元電子:2449.TW', 1, 268.0, 274.0, 267.0, 271.5, '24', 13.6071, (0, 0)),5,
('元太:8069.TWO', 1, 149.0, 149.5, 146.5, 147.0, '26', 5.0, (0, 0)),5,
('光頡:3624.TWO', 1, 100.5, 113.5, 100.0, 113.5, '28', 7.15, (1, 0)),5,
('南亞:1303.TW', 1, 237.0, 245.5, 232.0, 244.0, '03', 16.75, (0, 0)),5,
('南茂:8150.TW', 1, 90.7, 91.5, 90.0, 90.9, '24', 4.2214, (0, 0)),5,
('台化:1326.TW', 1, 72.0, 72.7, 70.3, 71.3, '03', 4.2786, (0, 0)),5,
('台半:5425.TWO', 1, 90.0, 91.3, 89.0, 89.3, '24', 4.2786, (0, 0)),5,
('合晶:6182.TWO', 1, 108.5, 110.0, 106.5, 108.5, '24', 6.7857, (0, 0)),5,
('宏致:3605.TW', 1, 128.0, 131.0, 124.5, 128.0, '28', 11.3214, (0, 0)),5,
('富喬:1815.TWO', 1, 125.0, 129.0, 124.0, 126.0, '28', 11.0, (0, 0)),5,
('富邦金:2881.TW', 1, 146.0, 149.0, 146.0, 148.5, '17', 4.6071, (0, 0)),5,
('強茂:2481.TW', 1, 152.0, 159.0, 150.0, 154.5, '24', 10.75, (0, 0)),5,
('微星:2377.TW', 1, 152.0, 152.5, 146.0, 149.0, '25', 6.3929, (0, 0)),5,
('旺宏:2337.TW', 1, 124.5, 126.5, 122.0, 122.5, '24', 5.8214, (0, 0)),5,
('東捷:8064.TWO', 1, 131.0, 132.0, 125.5, 126.5, '26', 8.6286, (0, 0)),5,
('盟立:2464.TW', 1, 199.0, 204.5, 191.5, 193.5, '31', 15.2857, (0, 0)),5,
('立碁:8111.TWO', 1, 71.1, 73.5, 70.8, 71.2, '26', 5.0, (0, 0)),5,
('緯創:3231.TW', 1, 190.5, 192.0, 184.0, 185.0, '25', 8.4286, (0, 0)),5,
('聯一光:3441.TWO', 1, 141.5, 157.0, 137.0, 151.0, '26', 12.2857, (0, 0)),5,
('聯電:2303.TW', 1, 142.5, 145.5, 141.0, 142.5, '24', 7.6071, (0, 0)),5,
('華通:2313.TW', 1, 225.0, 227.0, 222.5, 225.5, '28', 13.8929, (0, 0)),5,
('華邦電:2344.TW', 1, 181.0, 182.5, 178.0, 179.5, '24', 9.6786, (0, 0)),5,
('萬海:2615.TW', 1, 116.0, 117.0, 106.5, 110.5, '15', 7.0, (0, 0)),5,
('金山電:8042.TWO', 1, 111.5, 123.5, 107.5, 120.5, '28', 9.4714, (0, 0)),5,
('鈺創:5351.TWO', 1, 117.0, 118.5, 115.5, 115.5, '24', 7.0357, (0, 0)),5,
('雷科:6207.TWO', 1, 115.0, 115.0, 111.0, 112.0, '28', 7.5929, (0, 0)),5,
('頎邦:6147.TWO', 1, 193.5, 202.5, 189.0, 190.5, '24', 15.3571, (0, 0)),5,
('鴻海:2317.TW', 1, 250.5, 252.0, 247.5, 251.0, '31', 6.0714, (0, 0)),5,
('鼎元:2426.TW', 1, 98.1, 99.5, 96.1, 96.1, '26', 9.1786, (0, 0)),5,
('今國光:6209.TW', 1, 79.1, 81.0, 78.4, 81.0, '26', 4.6357, (0, 0)),4,
('光環:3234.TWO', 1, 196.0, 205.5, 192.5, 195.0, '27', 14.8929, (0, 0)),4,
('大甲:2221.TWO', 1, 87.8, 96.5, 86.3, 96.5, '20', 6.5643, (1, 0)),4,
('德宏:5475.TWO', 1, 193.0, 194.5, 184.0, 184.5, '28', 15.75, (0, 0)),4,
('新盛力:4931.TWO', 1, 253.5, 254.0, 244.0, 244.0, '25', 17.2143, (0, 0)),4,
('晶宏:3141.TWO', 1, 93.8, 96.3, 92.1, 92.1, '24', 6.0714, (0, 0)),4,
('欣銓:3264.TWO', 1, 242.0, 251.5, 236.0, 240.0, '24', 11.75, (0, 0)),4,
('漢達:6620.TWO', 1, 128.5, 129.0, 124.0, 126.5, '22', 7.65, (0, 0)),4,
('蜜望實:8043.TWO', 1, 139.5, 144.0, 134.0, 141.5, '28', 9.0357, (0, 0)),4,
('中探針:6217.TWO', 1, 178.0, 178.5, 170.0, 172.0, '28', 13.9286, (0, 0)),3,
('先進光:3362.TWO', 1, 185.0, 187.0, 182.0, 182.5, '26', 12.7143, (0, 0)),3,
('創威:6530.TWO', 1, 96.0, 100.5, 95.6, 96.2, '27', 6.5786, (0, 0)),3,
('均豪:5443.TWO', 1, 110.0, 110.5, 108.0, 108.0, '24', 6.0, (0, 0)),3,
('定穎投控:3715.TW', 1, 132.5, 133.0, 126.0, 127.0, '28', 8.1071, (0, 0)),3,
('康霈*:6919.TW', 1, 82.1, 86.3, 77.3, 85.6, '22', 5.4714, (0, 0)),3,
('建榮:5340.TWO', 1, 86.1, 86.5, 83.4, 85.7, '28', 4.2429, (0, 0)),3,
('晶技:3042.TW', 1, 180.0, 182.0, 171.5, 180.5, '28', 10.5, (0, 0)),3,
('蔚華科:3055.TW', 1, 147.5, 164.0, 145.0, 160.0, '29', 11.5357, (0, 0)),3,
('長興:1717.TW', 1, 72.3, 73.2, 71.4, 71.7, '21', 3.8786, (0, 0)),3,
('雅特力-KY:6907.TWO', 1, 193.0, 196.5, 190.0, 190.0, '24', 11.1786, (0, 0)),3,
('九暘:8040.TWO', 1, 78.5, 82.2, 77.1, 80.0, '24', 4.7071, (0, 0)),2,
('信昌電:6173.TWO', 1, 268.5, 295.0, 265.5, 295.0, '28', 19.4643, (1, 0)),2,
('前鼎:4908.TWO', 1, 239.0, 265.0, 238.0, 249.0, '27', 19.7143, (0, 0)),2,
('同欣電:6271.TW', 1, 223.0, 227.5, 218.5, 227.0, '24', 11.1786, (0, 0)),2,
('嘉晶:3016.TW', 1, 99.3, 110.0, 99.3, 110.0, '24', 5.8929, (1, 0)),2,
('天二科技:6834.TW', 1, 99.9, 110.0, 96.4, 105.5, '28', 6.9429, (0, 0)),2,
('巨有科技:8227.TWO', 1, 203.0, 217.5, 201.0, 217.5, '24', 11.0357, (3, 0)),2,
('擎亞:8096.TWO', 1, 99.9, 99.9, 91.3, 91.8, '29', 5.9, (0, 0)),2,
('日電貿:3090.TW', 1, 166.0, 174.0, 162.0, 171.0, '28', 8.8929, (0, 0)),2,
('東典光電:6588.TWO', 1, 113.0, 116.0, 112.0, 112.5, '27', 8.2143, (0, 0)),2,
('良維:6290.TWO', 1, 272.0, 279.0, 267.0, 275.0, '28', 15.6429, (0, 0)),2,
('鈦昇:8027.TWO', 1, 178.0, 178.0, 169.0, 174.0, '05', 10.6071, (0, 0)),2,
('長榮:2603.TW', 1, 232.5, 235.0, 228.0, 231.0, '15', 7.8214, (0, 0)),2,
('一詮:2486.TW', 1, 248.0, 249.0, 242.0, 242.0, '26', 14.6071, (0, 0)),1,
('亞光:3019.TW', 1, 141.5, 141.5, 139.0, 139.0, '26', 7.5357, (0, 0)),1,
('共信-KY:6617.TWO', 1, 131.0, 132.0, 128.0, 130.5, '22', 8.6071, (0, 0)),1,
('台郡:6269.TW', 1, 69.0, 69.0, 65.6, 66.6, '28', 5.0571, (0, 0)),1,
('宏捷科:8086.TWO', 1, 113.0, 113.0, 109.0, 109.5, '24', 5.0, (0, 0)),1,
('希華:2484.TW', 1, 69.8, 69.9, 67.3, 68.7, '28', 4.1571, (0, 0)),1,
('建準:2421.TW', 1, 166.0, 168.5, 164.0, 165.0, '28', 9.3929, (0, 0)),1,
('新日興:3376.TW', 1, 210.0, 211.0, 186.0, 189.5, '28', 10.75, (0, 0)),1,
('矽格:6257.TW', 1, 215.0, 225.0, 213.5, 217.0, '24', 10.1429, (0, 0)),1,
('陽程:3498.TWO', 1, 189.5, 201.0, 189.0, 191.0, '31', 15.3214, (0, 0)),1,
('霖宏:5464.TWO', 1, 82.8, 91.0, 82.7, 89.6, '28', 4.9714, (0, 0)),1,
('順德:2351.TW', 1, 239.0, 248.0, 232.5, 235.5, '24', 16.2857, (0, 0)),1,

# ALL_RESULT
('世界:5347.TWO', 1, 156.5, 163.0, 155.5, 161.5, '24', 5.5714, (0, 0)),
('中光電投控:3718.TWO', 1, 67.4, 67.4, 65.1, 65.6, '26', 4.52, (0, 0)),
('中美晶:5483.TWO', 1, 181.0, 181.0, 177.5, 179.0, '24', 7.3214, (0, 0)),
('亞電:4939.TWO', 1, 87.5, 92.4, 81.9, 82.4, '28', 7.0429, (0, 0)),
('京元電子:2449.TW', 1, 268.0, 274.0, 267.0, 271.5, '24', 13.6071, (0, 0)),
('元太:8069.TWO', 1, 149.0, 149.5, 146.5, 147.0, '26', 5.0, (0, 0)),
('光頡:3624.TWO', 1, 100.5, 113.5, 100.0, 113.5, '28', 7.15, (1, 0)),
('南亞:1303.TW', 1, 237.0, 245.5, 232.0, 244.0, '03', 16.75, (0, 0)),
('南茂:8150.TW', 1, 90.7, 91.5, 90.0, 90.9, '24', 4.2214, (0, 0)),
('台化:1326.TW', 1, 72.0, 72.7, 70.3, 71.3, '03', 4.2786, (0, 0)),
('台半:5425.TWO', 1, 90.0, 91.3, 89.0, 89.3, '24', 4.2786, (0, 0)),
('合晶:6182.TWO', 1, 108.5, 110.0, 106.5, 108.5, '24', 6.7857, (0, 0)),
('宏致:3605.TW', 1, 128.0, 131.0, 124.5, 128.0, '28', 11.3214, (0, 0)),
('富喬:1815.TWO', 1, 125.0, 129.0, 124.0, 126.0, '28', 11.0, (0, 0)),
('富邦金:2881.TW', 1, 146.0, 149.0, 146.0, 148.5, '17', 4.6071, (0, 0)),
('強茂:2481.TW', 1, 152.0, 159.0, 150.0, 154.5, '24', 10.75, (0, 0)),
('微星:2377.TW', 1, 152.0, 152.5, 146.0, 149.0, '25', 6.3929, (0, 0)),
('旺宏:2337.TW', 1, 124.5, 126.5, 122.0, 122.5, '24', 5.8214, (0, 0)),
('東捷:8064.TWO', 1, 131.0, 132.0, 125.5, 126.5, '26', 8.6286, (0, 0)),
('盟立:2464.TW', 1, 199.0, 204.5, 191.5, 193.5, '31', 15.2857, (0, 0)),
('立碁:8111.TWO', 1, 71.1, 73.5, 70.8, 71.2, '26', 5.0, (0, 0)),
('緯創:3231.TW', 1, 190.5, 192.0, 184.0, 185.0, '25', 8.4286, (0, 0)),
('聯一光:3441.TWO', 1, 141.5, 157.0, 137.0, 151.0, '26', 12.2857, (0, 0)),
('聯電:2303.TW', 1, 142.5, 145.5, 141.0, 142.5, '24', 7.6071, (0, 0)),
('華通:2313.TW', 1, 225.0, 227.0, 222.5, 225.5, '28', 13.8929, (0, 0)),
('華邦電:2344.TW', 1, 181.0, 182.5, 178.0, 179.5, '24', 9.6786, (0, 0)),
('萬海:2615.TW', 1, 116.0, 117.0, 106.5, 110.5, '15', 7.0, (0, 0)),
('金山電:8042.TWO', 1, 111.5, 123.5, 107.5, 120.5, '28', 9.4714, (0, 0)),
('鈺創:5351.TWO', 1, 117.0, 118.5, 115.5, 115.5, '24', 7.0357, (0, 0)),
('雷科:6207.TWO', 1, 115.0, 115.0, 111.0, 112.0, '28', 7.5929, (0, 0)),
('頎邦:6147.TWO', 1, 193.5, 202.5, 189.0, 190.5, '24', 15.3571, (0, 0)),
('鴻海:2317.TW', 1, 250.5, 252.0, 247.5, 251.0, '31', 6.0714, (0, 0)),
('鼎元:2426.TW', 1, 98.1, 99.5, 96.1, 96.1, '26', 9.1786, (0, 0)),
('今國光:6209.TW', 1, 79.1, 81.0, 78.4, 81.0, '26', 4.6357, (0, 0)),
('光環:3234.TWO', 1, 196.0, 205.5, 192.5, 195.0, '27', 14.8929, (0, 0)),
('大甲:2221.TWO', 1, 87.8, 96.5, 86.3, 96.5, '20', 6.5643, (1, 0)),
('德宏:5475.TWO', 1, 193.0, 194.5, 184.0, 184.5, '28', 15.75, (0, 0)),
('新盛力:4931.TWO', 1, 253.5, 254.0, 244.0, 244.0, '25', 17.2143, (0, 0)),
('晶宏:3141.TWO', 1, 93.8, 96.3, 92.1, 92.1, '24', 6.0714, (0, 0)),
('欣銓:3264.TWO', 1, 242.0, 251.5, 236.0, 240.0, '24', 11.75, (0, 0)),
('漢達:6620.TWO', 1, 128.5, 129.0, 124.0, 126.5, '22', 7.65, (0, 0)),
('蜜望實:8043.TWO', 1, 139.5, 144.0, 134.0, 141.5, '28', 9.0357, (0, 0)),
('中探針:6217.TWO', 1, 178.0, 178.5, 170.0, 172.0, '28', 13.9286, (0, 0)),
('先進光:3362.TWO', 1, 185.0, 187.0, 182.0, 182.5, '26', 12.7143, (0, 0)),
('創威:6530.TWO', 1, 96.0, 100.5, 95.6, 96.2, '27', 6.5786, (0, 0)),
('均豪:5443.TWO', 1, 110.0, 110.5, 108.0, 108.0, '24', 6.0, (0, 0)),
('定穎投控:3715.TW', 1, 132.5, 133.0, 126.0, 127.0, '28', 8.1071, (0, 0)),
('康霈*:6919.TW', 1, 82.1, 86.3, 77.3, 85.6, '22', 5.4714, (0, 0)),
('建榮:5340.TWO', 1, 86.1, 86.5, 83.4, 85.7, '28', 4.2429, (0, 0)),
('晶技:3042.TW', 1, 180.0, 182.0, 171.5, 180.5, '28', 10.5, (0, 0)),
('蔚華科:3055.TW', 1, 147.5, 164.0, 145.0, 160.0, '29', 11.5357, (0, 0)),
('長興:1717.TW', 1, 72.3, 73.2, 71.4, 71.7, '21', 3.8786, (0, 0)),
('雅特力-KY:6907.TWO', 1, 193.0, 196.5, 190.0, 190.0, '24', 11.1786, (0, 0)),
('九暘:8040.TWO', 1, 78.5, 82.2, 77.1, 80.0, '24', 4.7071, (0, 0)),
('信昌電:6173.TWO', 1, 268.5, 295.0, 265.5, 295.0, '28', 19.4643, (1, 0)),
('前鼎:4908.TWO', 1, 239.0, 265.0, 238.0, 249.0, '27', 19.7143, (0, 0)),
('同欣電:6271.TW', 1, 223.0, 227.5, 218.5, 227.0, '24', 11.1786, (0, 0)),
('嘉晶:3016.TW', 1, 99.3, 110.0, 99.3, 110.0, '24', 5.8929, (1, 0)),
('天二科技:6834.TW', 1, 99.9, 110.0, 96.4, 105.5, '28', 6.9429, (0, 0)),
('巨有科技:8227.TWO', 1, 203.0, 217.5, 201.0, 217.5, '24', 11.0357, (3, 0)),
('擎亞:8096.TWO', 1, 99.9, 99.9, 91.3, 91.8, '29', 5.9, (0, 0)),
('日電貿:3090.TW', 1, 166.0, 174.0, 162.0, 171.0, '28', 8.8929, (0, 0)),
('東典光電:6588.TWO', 1, 113.0, 116.0, 112.0, 112.5, '27', 8.2143, (0, 0)),
('良維:6290.TWO', 1, 272.0, 279.0, 267.0, 275.0, '28', 15.6429, (0, 0)),
('鈦昇:8027.TWO', 1, 178.0, 178.0, 169.0, 174.0, '05', 10.6071, (0, 0)),
('長榮:2603.TW', 1, 232.5, 235.0, 228.0, 231.0, '15', 7.8214, (0, 0)),
('一詮:2486.TW', 1, 248.0, 249.0, 242.0, 242.0, '26', 14.6071, (0, 0)),
('亞光:3019.TW', 1, 141.5, 141.5, 139.0, 139.0, '26', 7.5357, (0, 0)),
('共信-KY:6617.TWO', 1, 131.0, 132.0, 128.0, 130.5, '22', 8.6071, (0, 0)),
('台郡:6269.TW', 1, 69.0, 69.0, 65.6, 66.6, '28', 5.0571, (0, 0)),
('宏捷科:8086.TWO', 1, 113.0, 113.0, 109.0, 109.5, '24', 5.0, (0, 0)),
('希華:2484.TW', 1, 69.8, 69.9, 67.3, 68.7, '28', 4.1571, (0, 0)),
('建準:2421.TW', 1, 166.0, 168.5, 164.0, 165.0, '28', 9.3929, (0, 0)),
('新日興:3376.TW', 1, 210.0, 211.0, 186.0, 189.5, '28', 10.75, (0, 0)),
('矽格:6257.TW', 1, 215.0, 225.0, 213.5, 217.0, '24', 10.1429, (0, 0)),
('陽程:3498.TWO', 1, 189.5, 201.0, 189.0, 191.0, '31', 15.3214, (0, 0)),
('霖宏:5464.TWO', 1, 82.8, 91.0, 82.7, 89.6, '28', 4.9714, (0, 0)),
('順德:2351.TW', 1, 239.0, 248.0, 232.5, 235.5, '24', 16.2857, (0, 0)),

# FILTER_RESULT (TOP_RANK=30)
('今國光:6209.TW', 1, 79.1, 81.0, 78.4, 81.0, '26', 4.6357, (0, 0)),
('光環:3234.TWO', 1, 196.0, 205.5, 192.5, 195.0, '27', 14.8929, (0, 0)),
('大甲:2221.TWO', 1, 87.8, 96.5, 86.3, 96.5, '20', 6.5643, (1, 0)),
('德宏:5475.TWO', 1, 193.0, 194.5, 184.0, 184.5, '28', 15.75, (0, 0)),
('晶宏:3141.TWO', 1, 93.8, 96.3, 92.1, 92.1, '24', 6.0714, (0, 0)),
('漢達:6620.TWO', 1, 128.5, 129.0, 124.0, 126.5, '22', 7.65, (0, 0)),
('蜜望實:8043.TWO', 1, 139.5, 144.0, 134.0, 141.5, '28', 9.0357, (0, 0)),
('中探針:6217.TWO', 1, 178.0, 178.5, 170.0, 172.0, '28', 13.9286, (0, 0)),
('先進光:3362.TWO', 1, 185.0, 187.0, 182.0, 182.5, '26', 12.7143, (0, 0)),
('均豪:5443.TWO', 1, 110.0, 110.5, 108.0, 108.0, '24', 6.0, (0, 0)),
('康霈*:6919.TW', 1, 82.1, 86.3, 77.3, 85.6, '22', 5.4714, (0, 0)),
('晶技:3042.TW', 1, 180.0, 182.0, 171.5, 180.5, '28', 10.5, (0, 0)),
('長興:1717.TW', 1, 72.3, 73.2, 71.4, 71.7, '21', 3.8786, (0, 0)),
('雅特力-KY:6907.TWO', 1, 193.0, 196.5, 190.0, 190.0, '24', 11.1786, (0, 0)),
('九暘:8040.TWO', 1, 78.5, 82.2, 77.1, 80.0, '24', 4.7071, (0, 0)),
('前鼎:4908.TWO', 1, 239.0, 265.0, 238.0, 249.0, '27', 19.7143, (0, 0)),
('同欣電:6271.TW', 1, 223.0, 227.5, 218.5, 227.0, '24', 11.1786, (0, 0)),
('嘉晶:3016.TW', 1, 99.3, 110.0, 99.3, 110.0, '24', 5.8929, (1, 0)),
('天二科技:6834.TW', 1, 99.9, 110.0, 96.4, 105.5, '28', 6.9429, (0, 0)),
('巨有科技:8227.TWO', 1, 203.0, 217.5, 201.0, 217.5, '24', 11.0357, (3, 0)),
('擎亞:8096.TWO', 1, 99.9, 99.9, 91.3, 91.8, '29', 5.9, (0, 0)),
('日電貿:3090.TW', 1, 166.0, 174.0, 162.0, 171.0, '28', 8.8929, (0, 0)),
('東典光電:6588.TWO', 1, 113.0, 116.0, 112.0, 112.5, '27', 8.2143, (0, 0)),
('鈦昇:8027.TWO', 1, 178.0, 178.0, 169.0, 174.0, '05', 10.6071, (0, 0)),
('一詮:2486.TW', 1, 248.0, 249.0, 242.0, 242.0, '26', 14.6071, (0, 0)),
('亞光:3019.TW', 1, 141.5, 141.5, 139.0, 139.0, '26', 7.5357, (0, 0)),
('共信-KY:6617.TWO', 1, 131.0, 132.0, 128.0, 130.5, '22', 8.6071, (0, 0)),
('台郡:6269.TW', 1, 69.0, 69.0, 65.6, 66.6, '28', 5.0571, (0, 0)),
('宏捷科:8086.TWO', 1, 113.0, 113.0, 109.0, 109.5, '24', 5.0, (0, 0)),
('希華:2484.TW', 1, 69.8, 69.9, 67.3, 68.7, '28', 4.1571, (0, 0)),
('建準:2421.TW', 1, 166.0, 168.5, 164.0, 165.0, '28', 9.3929, (0, 0)),
('新日興:3376.TW', 1, 210.0, 211.0, 186.0, 189.5, '28', 10.75, (0, 0)),
('矽格:6257.TW', 1, 215.0, 225.0, 213.5, 217.0, '24', 10.1429, (0, 0)),
('陽程:3498.TWO', 1, 189.5, 201.0, 189.0, 191.0, '31', 15.3214, (0, 0)),
('霖宏:5464.TWO', 1, 82.8, 91.0, 82.7, 89.6, '28', 4.9714, (0, 0)),
('順德:2351.TW', 1, 239.0, 248.0, 232.5, 235.5, '24', 16.2857, (0, 0)),

# FILTER_RESULT (RECENT_CACHE_DATE_COUNT=5, EXCLUDE_MIN_REPEAT_COUNT=3)
('今國光:6209.TW', 1, 79.1, 81.0, 78.4, 81.0, '26', 4.6357, (0, 0)),
('光環:3234.TWO', 1, 196.0, 205.5, 192.5, 195.0, '27', 14.8929, (0, 0)),
('大甲:2221.TWO', 1, 87.8, 96.5, 86.3, 96.5, '20', 6.5643, (1, 0)),
('德宏:5475.TWO', 1, 193.0, 194.5, 184.0, 184.5, '28', 15.75, (0, 0)),
('晶宏:3141.TWO', 1, 93.8, 96.3, 92.1, 92.1, '24', 6.0714, (0, 0)),
('漢達:6620.TWO', 1, 128.5, 129.0, 124.0, 126.5, '22', 7.65, (0, 0)),
('蜜望實:8043.TWO', 1, 139.5, 144.0, 134.0, 141.5, '28', 9.0357, (0, 0)),
('中探針:6217.TWO', 1, 178.0, 178.5, 170.0, 172.0, '28', 13.9286, (0, 0)),
('先進光:3362.TWO', 1, 185.0, 187.0, 182.0, 182.5, '26', 12.7143, (0, 0)),
('均豪:5443.TWO', 1, 110.0, 110.5, 108.0, 108.0, '24', 6.0, (0, 0)),
('康霈*:6919.TW', 1, 82.1, 86.3, 77.3, 85.6, '22', 5.4714, (0, 0)),
('晶技:3042.TW', 1, 180.0, 182.0, 171.5, 180.5, '28', 10.5, (0, 0)),
('長興:1717.TW', 1, 72.3, 73.2, 71.4, 71.7, '21', 3.8786, (0, 0)),
('雅特力-KY:6907.TWO', 1, 193.0, 196.5, 190.0, 190.0, '24', 11.1786, (0, 0)),
('九暘:8040.TWO', 1, 78.5, 82.2, 77.1, 80.0, '24', 4.7071, (0, 0)),
('前鼎:4908.TWO', 1, 239.0, 265.0, 238.0, 249.0, '27', 19.7143, (0, 0)),
('同欣電:6271.TW', 1, 223.0, 227.5, 218.5, 227.0, '24', 11.1786, (0, 0)),
('嘉晶:3016.TW', 1, 99.3, 110.0, 99.3, 110.0, '24', 5.8929, (1, 0)),
('天二科技:6834.TW', 1, 99.9, 110.0, 96.4, 105.5, '28', 6.9429, (0, 0)),
('巨有科技:8227.TWO', 1, 203.0, 217.5, 201.0, 217.5, '24', 11.0357, (3, 0)),
('擎亞:8096.TWO', 1, 99.9, 99.9, 91.3, 91.8, '29', 5.9, (0, 0)),
('日電貿:3090.TW', 1, 166.0, 174.0, 162.0, 171.0, '28', 8.8929, (0, 0)),
('東典光電:6588.TWO', 1, 113.0, 116.0, 112.0, 112.5, '27', 8.2143, (0, 0)),
('鈦昇:8027.TWO', 1, 178.0, 178.0, 169.0, 174.0, '05', 10.6071, (0, 0)),
('一詮:2486.TW', 1, 248.0, 249.0, 242.0, 242.0, '26', 14.6071, (0, 0)),
('亞光:3019.TW', 1, 141.5, 141.5, 139.0, 139.0, '26', 7.5357, (0, 0)),
('共信-KY:6617.TWO', 1, 131.0, 132.0, 128.0, 130.5, '22', 8.6071, (0, 0)),
('台郡:6269.TW', 1, 69.0, 69.0, 65.6, 66.6, '28', 5.0571, (0, 0)),
('宏捷科:8086.TWO', 1, 113.0, 113.0, 109.0, 109.5, '24', 5.0, (0, 0)),
('希華:2484.TW', 1, 69.8, 69.9, 67.3, 68.7, '28', 4.1571, (0, 0)),
('建準:2421.TW', 1, 166.0, 168.5, 164.0, 165.0, '28', 9.3929, (0, 0)),
('新日興:3376.TW', 1, 210.0, 211.0, 186.0, 189.5, '28', 10.75, (0, 0)),
('矽格:6257.TW', 1, 215.0, 225.0, 213.5, 217.0, '24', 10.1429, (0, 0)),
('陽程:3498.TWO', 1, 189.5, 201.0, 189.0, 191.0, '31', 15.3214, (0, 0)),
('霖宏:5464.TWO', 1, 82.8, 91.0, 82.7, 89.6, '28', 4.9714, (0, 0)),
('順德:2351.TW', 1, 239.0, 248.0, 232.5, 235.5, '24', 16.2857, (0, 0)),
